122.4146 -49.3026
120.8514 -50.1443
120.3704 -52.1886
120.9716 -58.9226
116.5224 -60.7263
116.0414 -62.5301
117.9654 -63.4921
117.1236 -70.9476
115.4401 -71.7893
116.4021 -75.5171
113.1554 -76.5993
112.0731 -72.6311
109.9086 -73.2323
108.4656 -78.8841
111.1111 -81.5296
114.2376 -83.3334
110.1491 -85.8586
107.8644 -85.2574
105.4594 -86.3396
101.7316 -85.8586
99.5671	-86.0991
96.8014	-83.3334
93.9154	-86.7004
94.9976	-89.5864
97.1621	-92.1116
92.8331	-94.5166
95.9596	-98.7254
98.8456	-97.6431
100.6494 -94.9976
101.9721 -96.3204
101.2506 -100.0481
96.8014	-102.6936
94.3964	-106.3011
94.0356	-108.3454
95.9596	-109.3074
97.8836	-107.8644
99.0861	-106.9024
100.1684 -108.2251
97.8836	-110.8706
98.6051	-113.5161
96.6811	-115.9211
95.3584	-117.6046
97.1621	-117.9654
122.1741 -118.0856
